0.639426798 0.025010755
0.275029318 0.223210738
0.736471214 0.676699487
0.892179568 0.086938833
0.421921820 0.029797219
0.218637975 0.505355288
0.026535970 0.198837651
0.649884438 0.544941481
0.220440622 0.589265684
0.809430457 0.006498760
0.805819252 0.698139395
0.340250517 0.155479500
0.957213072 0.336594545
0.092745843 0.096716377
0.847494366 0.603726031
0.807128273 0.729731787
0.536228091 0.973115764
0.378534377 0.552040631
0.829404664 0.618519752
0.861706900 0.577352145
0.704571836 0.045824384
0.227898276 0.289387964
0.079791977 0.232790886
0.101001429 0.277973603
0.635684444 0.364832179
0.370180967 0.209507031
0.266977822 0.936654588
0.648035385 0.609131006
0.171138648 0.729126798
0.163402494 0.379455442
0.989523351 0.639999760
0.556949744 0.684614251
0.842851920 0.775999912
0.229048072 0.032100244
0.315453048 0.267740876
0.210982844 0.942909714
0.876367626 0.314677881
0.655438665 0.395631901
0.914547590 0.458851853
0.264880166 0.246627508
0.561368134 0.262741609
0.584585990 0.897822884
0.399400505 0.219320759
0.997537606 0.509526294
0.090909412 0.047116375
0.109649130 0.627446042
0.792079364 0.422159967
0.063527706 0.381619287
0.996121380 0.529114345
0.971078378 0.860779702